9.59217564974501	-0.345803318036052	-0.0735658475156365
7.29566965377322	1.89538542776126	1.94856215513918
5.12218928936593	-1.07719530371416	2.82347609017596
8.15971544332579	-2.99104890286871	4.02907151985593
9.15026861452603	-0.0670771910702452	6.23471551474505
5.6441177871753	0.0627592686889913	7.66461939539359
5.78460337828483	-3.63860388324011	8.43970776892754
9.06368400911176	-3.15894820884514	10.2819533896554
7.53021377619171	-0.340207129571294	12.3040900509745
4.57680267973364	-2.53966242177302	13.1790112949379
6.9148797179729	-5.26414853821208	14.3845948132108
8.72364302463573	-2.76231117204064	16.5902368001902
5.41169926332115	-1.60431993579363	18.02015348584
4.45444278692441	-5.18251654215277	18.7952381685843
7.72915762389039	-5.69116437919185	20.6374726268489
7.09510549118631	-2.5455681615924	22.6596179466669
3.62443335025416	-3.77628468633996	23.5345464997411
5.05511646520945	-7.06909545526311	24.7401181066903
7.52122013601173	-5.21190501213615	26.9457580855388
4.69803950428367	-3.12875106858769	28.3756875762048
2.72817656275525	-6.26554504304686	29.1507685683739
5.70727700384325	-7.71726160758601	30.9929918640648
6.02903174566688	-4.52457668706669	33.0151458422163
2.34977190704429	-4.67709849095745	33.8900817045855
2.74581740075603	-8.2453800103626	35.0956414002944
5.6499279867567	-7.19801469047344	37.3012793707907
3.56659622382723	-4.37497164304471	38.731221666488
0.759321191188066	-6.79138403926958	39.5062989682965
-8.83303466438512	-3.75591696501623	41.7546212966806
-7.49076426672525	-0.84126827891546	39.7324932940258
-4.39737328833803	-2.83906340215397	38.857579358989
-6.54873176766346	-5.71326893210857	37.651983929309
-8.52015472054185	-3.33749585850985	35.4463399344199
-5.29271695756398	-1.96141569495853	34.0164360537714
-4.0991868310218	-5.46788275181278	33.2413476802374
-7.33273130897762	-6.19357515119769	31.3991020595095
-6.90965850315325	-3.01271966434991	29.3769653981905
-3.36469879654385	-4.00946505089137	28.502044154227
-4.57281549277968	-7.39027603106863	27.2964606359541
-7.1571699486878	-5.70151111180681	25.0908186489747
-4.47904954057587	-3.43488669188411	23.660901963325
-2.30457202573322	-6.43346609767067	22.8858172805807
-5.18032815740003	-8.08043499742269	21.043582822316
-5.71407741751901	-4.91627485632916	19.0214375024981
-2.03282921904944	-4.82332338838058	18.1465089494238
-2.19025490983919	-8.41005924250113	16.9409373424746
-5.15769021208828	-7.55850103300959	14.7352973636262
-3.26707139986909	-4.60292329950826	13.3053678729602
-0.305038802164985	-6.82692854607326	12.530286880791
-2.5672395138062	-9.24869822176457	10.6880635851001
-4.01033664660147	-6.38264976074449	8.66590960694862
-0.520201060592588	-5.20826930619081	7.79097374457945
0.38706762940611	-8.68193431003988	6.58541404887053
-2.69952662869345	-8.74332074905084	4.3797760783743
-1.76455438426326	-5.36165397300509	2.94983378267692
1.7215976939575	-6.61328717207964	2.17475648086842
-9.59217564974501	0.345803318036051	-0.0735658475156365
-7.29566965377322	-1.89538542776126	1.94856215513918
-5.12218928936593	1.07719530371416	2.82347609017596
-8.15971544332579	2.9910489028687	4.02907151985593
-9.15026861452603	0.0670771910702441	6.23471551474505
-5.6441177871753	-0.062759268688992	7.66461939539359
-5.78460337828483	3.63860388324011	8.43970776892754
-9.06368400911176	3.15894820884514	10.2819533896554
-7.53021377619171	0.340207129571293	12.3040900509745
-4.57680267973364	2.53966242177302	13.1790112949379
-6.91487971797291	5.26414853821207	14.3845948132108
-8.72364302463573	2.76231117204064	16.5902368001902
-5.41169926332115	1.60431993579363	18.02015348584
-4.45444278692441	5.18251654215276	18.7952381685843
-7.72915762389039	5.69116437919185	20.6374726268489
-7.09510549118631	2.5455681615924	22.6596179466669
-3.62443335025416	3.77628468633996	23.5345464997411
-5.05511646520946	7.06909545526311	24.7401181066903
-7.52122013601173	5.21190501213615	26.9457580855388
-4.69803950428367	3.12875106858769	28.3756875762048
-2.72817656275525	6.26554504304686	29.1507685683739
-5.70727700384325	7.71726160758601	30.9929918640648
-6.02903174566688	4.52457668706669	33.0151458422163
-2.34977190704429	4.67709849095745	33.8900817045855
-2.74581740075603	8.2453800103626	35.0956414002944
-5.6499279867567	7.19801469047344	37.3012793707907
-3.56659622382723	4.37497164304471	38.731221666488
-0.759321191188067	6.79138403926958	39.5062989682965
8.83303466438512	3.75591696501623	41.7546212966806
7.49076426672525	0.841268278915461	39.7324932940258
4.39737328833803	2.83906340215398	38.857579358989
6.54873176766346	5.71326893210857	37.651983929309
8.52015472054185	3.33749585850985	35.4463399344199
5.29271695756398	1.96141569495853	34.0164360537714
4.0991868310218	5.46788275181279	33.2413476802374
7.33273130897762	6.19357515119769	31.3991020595095
6.90965850315325	3.01271966434991	29.3769653981905
3.36469879654385	4.00946505089137	28.502044154227
4.57281549277968	7.39027603106863	27.2964606359541
7.1571699486878	5.70151111180682	25.0908186489747
4.47904954057587	3.43488669188411	23.660901963325
2.30457202573322	6.43346609767067	22.8858172805807
5.18032815740003	8.08043499742269	21.043582822316
5.71407741751901	4.91627485632916	19.0214375024981
2.03282921904944	4.82332338838058	18.1465089494238
2.19025490983919	8.41005924250113	16.9409373424746
5.15769021208827	7.55850103300959	14.7352973636262
3.26707139986909	4.60292329950826	13.3053678729602
0.305038802164984	6.82692854607326	12.530286880791
2.5672395138062	9.24869822176457	10.6880635851001
4.01033664660147	6.38264976074449	8.66590960694862
0.520201060592588	5.20826930619081	7.79097374457945
-0.387067629406111	8.68193431003988	6.58541404887053
2.69952662869345	8.74332074905084	4.3797760783743
1.76455438426326	5.36165397300509	2.94983378267692
-1.7215976939575	6.61328717207964	2.17475648086842
