9.59217564974501	-0.345803318036052	-0.0735658475156365
7.29566965377322	1.89538542776126	1.94856215513918
5.12218928936593	-1.07719530371416	2.82347609017596
8.15971544332579	-2.99104890286871	4.02907151985593
9.15026861452603	-0.0670771910702452	6.23471551474505
5.6441177871753	0.0627592686889913	7.66461939539359
5.78460337828483	-3.63860388324011	8.43970776892754
9.06368400911176	-3.15894820884514	10.2819533896554
7.53021377619171	-0.340207129571294	12.3040900509745
4.57680267973364	-2.53966242177302	13.1790112949379
6.9148797179729	-5.26414853821208	14.3845948132108
8.72364302463573	-2.76231117204064	16.5902368001902
5.41169926332115	-1.60431993579363	18.02015348584
4.45444278692441	-5.18251654215277	18.7952381685843
7.72915762389039	-5.69116437919185	20.6374726268489
7.09510549118631	-2.5455681615924	22.6596179466669
3.62443335025416	-3.77628468633996	23.5345464997411
5.05511646520945	-7.06909545526311	24.7401181066903
7.52122013601173	-5.21190501213615	26.9457580855388
4.69803950428367	-3.12875106858769	28.3756875762048
2.72817656275525	-6.26554504304686	29.1507685683739
5.70727700384325	-7.71726160758601	30.9929918640648
6.02903174566688	-4.52457668706669	33.0151458422163
2.34977190704429	-4.67709849095745	33.8900817045855
2.74581740075603	-8.2453800103626	35.0956414002944
5.6499279867567	-7.19801469047344	37.3012793707907
3.56659622382723	-4.37497164304471	38.731221666488
0.759321191188066	-6.79138403926958	39.5062989682965
-8.57964414312575	-4.303384715274	39.5798648158122
-7.4231213594929	-1.3101720875509	37.5577368131574
-4.21033979527174	-3.10969639141669	36.6828228781206
-6.17689325430521	-6.11337217747459	35.4772274484406
-8.29366713209111	-3.8661350945891	33.2715834535515
-5.1590483913498	-2.2900270777932	31.8416795729029
-3.74760140337402	-5.71459169010555	31.066591199369
-6.92917177315543	-6.6419801370751	29.2243455786411
-6.70675403781281	-3.44082994093578	27.202208917322
-3.10618098753251	-4.21291439011933	26.3272876733586
-4.09953099521939	-7.66294114329667	25.1217041550857
-6.78486833473444	-6.13985930724591	22.9160621681063
-4.25442546229216	-3.70947373070839	21.4861454824565
-1.89587374739808	-6.56553127976683	20.7110607997123
-4.6624883890798	-8.38990057078278	18.8688263414476
-5.39395411860319	-5.26551974289137	16.8466810216297
-1.72581587151372	-4.94149802391458	15.9717524685554
-1.65761400362656	-8.53103914229881	14.7661808616062
-4.67268273924542	-7.86757537035625	12.5605408827578
-2.9714657168994	-4.79906761009783	11.1306113920917
0.124427297608764	-6.83260710795125	10.3555303999226
-1.98117122365735	-9.39170368469273	8.51330710423171
-3.60146158258479	-6.62197043609923	6.4911531260802
-0.191993213910753	-5.23066123115072	5.61621726371103
0.93169712390414	-8.6404713518934	4.41065756800212
-2.14494457411247	-8.89563457622858	2.20501959750588
-1.42425329405578	-5.46191249066069	0.775077301808501
2.13364018007484	-6.4920755866058	0
-9.59217564974501	0.345803318036051	-0.0735658475156365
-7.29566965377322	-1.89538542776126	1.94856215513918
-5.12218928936593	1.07719530371416	2.82347609017596
-8.15971544332579	2.9910489028687	4.02907151985593
-9.15026861452603	0.0670771910702441	6.23471551474505
-5.6441177871753	-0.062759268688992	7.66461939539359
-5.78460337828483	3.63860388324011	8.43970776892754
-9.06368400911176	3.15894820884514	10.2819533896554
-7.53021377619171	0.340207129571293	12.3040900509745
-4.57680267973364	2.53966242177302	13.1790112949379
-6.91487971797291	5.26414853821207	14.3845948132108
-8.72364302463573	2.76231117204064	16.5902368001902
-5.41169926332115	1.60431993579363	18.02015348584
-4.45444278692441	5.18251654215276	18.7952381685843
-7.72915762389039	5.69116437919185	20.6374726268489
-7.09510549118631	2.5455681615924	22.6596179466669
-3.62443335025416	3.77628468633996	23.5345464997411
-5.05511646520946	7.06909545526311	24.7401181066903
-7.52122013601173	5.21190501213615	26.9457580855388
-4.69803950428367	3.12875106858769	28.3756875762048
-2.72817656275525	6.26554504304686	29.1507685683739
-5.70727700384325	7.71726160758601	30.9929918640648
-6.02903174566688	4.52457668706669	33.0151458422163
-2.34977190704429	4.67709849095745	33.8900817045855
-2.74581740075603	8.2453800103626	35.0956414002944
-5.6499279867567	7.19801469047344	37.3012793707907
-3.56659622382723	4.37497164304471	38.731221666488
-0.759321191188067	6.79138403926958	39.5062989682965
8.57964414312575	4.303384715274	39.5798648158122
7.4231213594929	1.3101720875509	37.5577368131574
4.21033979527174	3.1096963914167	36.6828228781206
6.17689325430521	6.11337217747459	35.4772274484406
8.29366713209111	3.8661350945891	33.2715834535515
5.1590483913498	2.2900270777932	31.8416795729029
3.74760140337402	5.71459169010555	31.066591199369
6.92917177315543	6.6419801370751	29.2243455786411
6.70675403781281	3.44082994093578	27.202208917322
3.10618098753251	4.21291439011933	26.3272876733586
4.09953099521939	7.66294114329667	25.1217041550857
6.78486833473444	6.13985930724591	22.9160621681063
4.25442546229216	3.70947373070839	21.4861454824565
1.89587374739808	6.56553127976683	20.7110607997123
4.6624883890798	8.38990057078278	18.8688263414476
5.39395411860319	5.26551974289137	16.8466810216297
1.72581587151372	4.94149802391458	15.9717524685554
1.65761400362656	8.53103914229881	14.7661808616062
4.67268273924541	7.86757537035625	12.5605408827578
2.9714657168994	4.79906761009783	11.1306113920917
-0.124427297608764	6.83260710795125	10.3555303999226
1.98117122365735	9.39170368469273	8.51330710423171
3.60146158258479	6.62197043609923	6.4911531260802
0.191993213910752	5.23066123115072	5.61621726371103
-0.931697123904141	8.6404713518934	4.41065756800212
2.14494457411247	8.89563457622858	2.20501959750588
1.42425329405578	5.46191249066069	0.775077301808501
-2.13364018007484	6.4920755866058	0
