resnum charge 
1 -1 
2 0 
3 -1 
4 1 
6 0 
7 1 
10 -1 
11 1 
13 0 
14 0 
17 -1 
18 1 
20 0 
21 1 
24 -1 
25 1 
27 1 
28 0 
31 -1 
32 0 
35 1 
36 1 
37 1 
38 0 
39 -1 
41 1 
42 0 
45 -1 
46 -1 
48 1 
49 0 
52 0 
53 -1 
55 1 
56 -1 
59 0 
60 -1 
62 1 
63 1 
66 -1 
67 -1 
68 -1 
70 1 
71 0 
74 0 
75 -1 
77 1 
78 -1 
81 0 
82 -1 
84 0 
85 0 
88 1 
89 -1 
91 -1 
92 1 
95 -1 
96 0 
98 1 
99 -1 
100 -1 
101 -1 
102 1 
104 0 
105 1 
108 -1 
109 1 
111 -1 
112 0 
115 0 
116 1 
118 -1 
119 0 
122 0 
123 1 
125 0 
126 0 
129 -1 
130 1 
